#tiempos por máquina (8 operaciones y 10 máquinas)
4.2	5.1	3.0	7.2	4.5	6.1	2.9	8.0	5.5	4.8
6.5	3.2	7.1	2.8	5.9	4.4	8.3	3.7	6.2	9.1
3.3	8.5	4.4	6.0	2.1	7.7	5.6	4.2	8.9	3.5
5.7	4.9	6.8	3.3	9.2	2.5	4.1	7.3	3.8	6.6
8.1	2.7	5.5	4.6	3.8	8.0	6.4	5.2	2.1	7.4
2.9	6.3	8.2	5.1	7.4	3.9	9.0	4.5	6.7	5.3
4.6	7.8	3.9	8.4	6.2	5.5	3.2	6.9	4.4	2.8
7.2	4.4	2.6	5.7	4.9	9.1	7.5	3.3	8.2	6.0
#consumo energético por máquina (8 operaciones y 10 máquinas)
2.1	8.4	4.5	6.2	1.9	7.3	3.8	9.5	5.2	4.1
5.5	1.8	9.2	3.4	7.6	4.2	8.1	2.9	6.7	8.3
1.3	7.2	5.1	8.9	3.2	6.5	4.7	5.8	9.1	2.6
9.4	3.5	7.7	2.1	8.3	1.4	5.9	6.3	4.8	7.2
4.2	6.9	3.8	5.5	2.7	9.1	7.4	4.1	1.5	6.8
3.1	9.7	6.4	7.3	5.2	2.8	8.6	4.9	7.0	3.5
6.8	2.5	4.9	9.2	8.1	5.7	1.2	7.5	3.3	4.9
8.2	5.3	1.7	4.6	6.0	8.8	9.4	2.2	5.6	7.1
#Trabajos
J1={O1,O3,O6,O8}
J2={O2,O4,O5,O7}
J3={O1,O2,O3,O4,O5,O6,O7,O8}
J4={O5,O6,O7,O8}
J5={O1,O2,O4}
J6={O3,O5,O7}
J7={O2,O6,O8}
J8={O1,O4,O5,O6}
J9={O2,O3,O5,O8}
J10={O1,O4,O7}